153370121 15 74.5778 -37.9134 -12.6777 -.5 6.22500000000001 -38.9977 -13.7946 22-MAR-15 80.8028
159290901 15 284.7021 -88.7528 30.1663 -1 13.3396 -89.6246 30.0737 26-OCT-15 298.0417
155420701 15 140.8194 -70.2297 42.2003 -1 80.0834 -62.6603 41.3049 09-AUG-15 220.9028
155420701 15 140.8194 -70.2297 42.2003 -1 80.0834 -62.6603 41.3049 09-AUG-15 220.9028
155420702 15 140.691 -70.2654 42.1944 -1 136.4097 -68.5956 43.1078 05-OCT-15 277.1007
155420702 15 140.691 -70.2654 42.1944 -1 224.309    
155420703 15 140.6639 -70.3117 42.1489 -1 85.0771 -67.1661 44.5031 14-AUG-15 225.741
155420703 15 140.6639 -70.3117 42.1489 -1 85.0771 -67.1661 44.5031 14-AUG-15 225.741
155420704 15 148.5674 -70.9101 42.3433 -1 4.5 -70.9288 42.4283 03-JUN-15 153.0674
157280801 15 202.4042 -90.5873 27.6486 -1 2.41659999999999 -90.4321 27.7976 24-JUL-15 204.8208
157280802 15 202.4215 -90.5801 27.5294 -1 13.4167 -89.0841 24.9819 04-AUG-15 215.8382
157280803 15 202.4868 -90.5702 27.3834 -1 1.92710000000002 -90.6303 27.4377 24-JUL-15 204.4139
150420704 15 334.5375 -70.5466 42.8248 -1 25.8389 -69.6971 42.6379 27-DEC-15 360.3764
157581361 15 185.6007 -136.253 58.3001 -1 3.4375 -136.5602 58.0616 09-JUL-15 189.0382
157581362 15 183.8076 -136.4141 58.2837 -1 1.416 -136.3297 58.2727 05-JUL-15 185.2236
157581363 15 207.0708 -136.3889 58.2861 -1 1.79170000000002 -136.46 58.2884 28-JUL-15 208.8625
157581364 15 207.0708 -136.4165 58.277 -1 1.77160000000001 -136.4239 58.2238 28-JUL-15 208.8424
157430862 15 180.8201 -86.3113 43.0382 -1 7.1618 -86.2136 42.774 07-JUL-15 187.9819
157430863 15 180.8111 -86.3 43.0656 -1 3.16739999999999 -86.4293 42.7894 03-JUL-15 183.9785
157430864 15 180.8389 -86.3379 43.0511 -1 39.584 -86.2477 44.4332 09-AUG-15 220.4229
156420701 15 153.7569 -70.5909 42.7966 -1 133.5007 -65.908 45.0761 15-OCT-15 287.2576
156420702 15 153.6194 -70.6487 42.7784 -1 72.0417 -66.9115 42.1069 14-AUG-15 225.6611
156420703 15 153.6861 -70.5896 42.7722 -1 89.9889 -71.6825 39.7793 01-SEP-15 243.675
156420704 15 153.7458 -70.62 42.8037 -1 135.5084 -53.2012 44.016 17-OCT-15 289.2542
156420705 15 153.6819 -70.6613 42.818 -1 125.4994 -66.8157 44.345 07-OCT-15 279.1813
156420706 15 153.6563 -70.561 42.7875 -1 353.0048 -25.8194 38.0357 21-MAY-16 141.6611
156420707 15 161.6882 -70.8261 42.3168 -1 5.50900000000001 -70.8347 42.4962 17-JUN-15 167.1972
156420707 15 161.6882 -70.8261 42.3168 -1 5.50900000000001 -70.8347 42.4962 17-JUN-15 167.1972
153410701 15 63.8563 -70.4246 41.8675 -1 12.1618 -69.4949 41.4216 18-MAR-15 76.0181
150320791 15 345.5542 -78.2621 33.1039 -1 0.336800000000039 -78.2203 33.0808 12-DEC-15 345.891
157420701 15 216.6063 -70.7059 42.2745 -1 1.71250000000001 -70.7151 42.2951 07-AUG-15 218.3188
158420703 15 236.6292 -70.7046 42.2743 -1 132.7555 -52.8757 40.8499 05-JAN-16 4.3847
157440672 15 183.6528 -66.4522 44.4644 -1 101.7479 -68.4733 44.0986 13-OCT-15 285.4007
157440673 15 183.6528 -66.4595 44.4503 -1 24.0048 -66.7149 44.6188 27-JUL-15 207.6576
157440681 15 209.9028 -68.1038 44.3472 -1 2.79229999999998 -68.1209 44.3869 01-AUG-15 212.6951
155440671 15 133.4139 -67.5634 44.1509 -1 161.8361 -67.9226 43.1659 23-OCT-15 295.25
155420705 15 148.4528 -70.8552 42.3897 -1 5.2465 -70.8575 42.3212 03-JUN-15 153.6993
155310811 15 137.584 -81.262 31.3122 -1 10 -81.0783 31.0684 28-MAY-15 147.584
155310812 15 137.6368 -81.2425 31.31 -1 3.67150000000001 -80.7495 31.3893 22-MAY-15 141.3083
158420701 15 236.659 -70.7005 42.2732 -1 18.2924 -70.1916 42.0193 12-SEP-15 254.9514
150420702 15 286.6236 -70.6825 42.8212 -1 14.7083 -70.7733 42.9598 29-OCT-15 301.3319
150420703 15 321.4271 -70.3389 42.7 -1 32.0007 -69.0316 41.3992 20-DEC-15 353.4278
158440681 15 214.4451 -67.9791 44.148 -1 21.2139 -70.4653 43.3102 24-AUG-15 235.659
158440682 15 234.9576 -70.2001 43.3342 -1 1.5 -70.2926 43.2414 25-AUG-15 236.4576
150410706 15 294.6243 -70.1135 41.8225 -1 13.2917 -70.0376 41.8787 04-NOV-15 307.916
159380731 15 280.0125 -73.3071 39.3289 -1 176.8806 -39.5931 40.399 01-APR-16 91.8931
156350753 15 223.5479 -76.4827 37.2452 -.5 0.208400000000012 -76.4173 37.2439 12-AUG-15 223.7563
156350754 15 223.5479 -76.479 37.246 -.5 0.208400000000012 -76.4189 37.2437 12-AUG-15 223.7563
158331182 15 220.259 -119.5657 33.5871 -1 88.5118 -117.1146 32.5722 05-NOV-15 308.7708
158331183 15 219.0021 -119.5224 33.6865 -17 25.9993 -119.5695 33.2571 03-SEP-15 245.0014
150420707 15 351.6132 -70.6391 42.3669 -1 257.2681 -45.7404 33.8834 31-AUG-16 243.8813
156430691 15 165.9118 -70.2799 43.4493 -1 121.9882 -64.6621 42.2893 15-OCT-15 287.9
155570021 15 125.3042 -3.3236 60.4687 -1 4.00070000000001 -1.7211 60.3266 11-MAY-15 129.3049
155570022 15 125.3167 -3.3025 60.4423 -1 11.7083 -1.4836 60.4652 19-MAY-15 137.025
155570023 15 125.3229 -3.2886 60.4223 -1 0.25 -3.197 60.3815 07-MAY-15 125.5729
155570024 15 125.3215 -3.276 60.4001 -1 12.0486 -1.8807 60.1277 19-MAY-15 137.3701
155570025 15 125.3486 -3.2533 60.3762 -1 6.58959999999999 -1.6451 60.4938 13-MAY-15 131.9382
155570026 15 125.3417 -3.2388 60.3545 -1 11.2083 -1.2993 60.1411 17-MAY-15 136.55
155570027 15 125.3556 -3.2233 60.3308 -1 2 -2.1268 60.0212 08-MAY-15 127.3556
158351221 15 229.2583 -122.0001 35.4962 -1 58.5105 -121.5686 31.5629 15-OCT-15 287.7688
157410701 15 200.8222 -70.9386 41.4749 -1 1.875 -70.8855 41.4352 22-JUL-15 202.6972
157410702 15 200.8069 -70.9334 41.4798 -.5 1.78549999999998 -70.8648 41.4427 22-JUL-15 202.5924
157410703 15 200.8056 -70.9352 41.4785 -4 33 -73.3417 40.6354 22-AUG-15 233.8056
157430681 15 182.741 -68.7913 43.7905 -1 45.0062 -69.1833 42.7413 16-AUG-15 227.7472
158310811 15 244.0889 -81.2571 31.2679 -1 39.0118 -80.1828 27.8204 11-OCT-15 283.1007
158310812 15 258.75 -81.7793 32.4261 -1 0.833300000000008 -81.7793 32.4261 17-SEP-15 259.5833
157430691 15 209.4243 -68.5629 43.9557 -1 42.8326 -68.8891 42.8007 10-SEP-15 252.2569
157301161 15 200.0326 -116.7317 30.3932 -1 87.3702 -121.1266 20.0675 15-OCT-15 287.4028
157420702 15 216.6069 -70.7064 42.2754 -1 9.375 -70.8146 42.4571 14-AUG-15 225.9819
157420704 15 208.4285 -70.591 41.9912 -1 43.1666 -66.7142 41.3482 09-SEP-15 251.5951
157420704 15 208.4285 -70.591 41.9912 -1 43.1666 -66.7142 41.3482 09-SEP-15 251.5951
150410703 15 279.6146 -70.1797 41.8251 -1 6.54720000000003 -70.1115 42.0461 14-OCT-15 286.1618
150410703 15 279.6146 -70.1797 41.8251 -1 85.3854    
150410704 15 294.6139 -70.1006 41.8366 -1 8.08330000000001 -70.077 41.968 30-OCT-15 302.6972
150410704 15 294.6139 -70.1006 41.8366 -1 70.3861    
150420701 15 286.6764 -70.6839 42.8397 -1 8.50069999999999 -70.6155 42.9769 23-OCT-15 295.1771
150410707 15 294.6375 -70.1107 41.8304 -1 8.74439999999998 -70.0058 41.8362 31-OCT-15 303.3819
150410707 15 294.6375 -70.1107 41.8304 -1 70.3625    
150410708 15 293.609 -70.2123 41.8363 -1 15.8334 -70.1118 42.0455 06-NOV-15 309.4424
150410708 15 293.609 -70.2123 41.8363 -1 71.391    
150410709 15 293.609 -70.1987 41.8057 -1 6.54169999999999 -70.1312 41.752 28-OCT-15 300.1507
150410709 15 293.609 -70.1987 41.8057 -1 71.391    
154420701 15 106.7813 -70.8174 42.4391 -15 95.2506 -73.5737 39.294 22-JUL-15 202.0319
154420702 15 107.6986 -70.8241 42.4275 -1 2.25 -70.9339 42.4578 20-APR-15 109.9486
154420703 15 108.7139 -70.8192 42.4264 -1 1.5 -70.9295 42.4613 21-APR-15 110.2139
150410721 15 295.6681 -72.3844 41.3514 -.5 4.41660000000002 -72.2329 41.1886 28-OCT-15 300.0847
156581361 15 169.5688 -136.2748 58.3002 -1 0.58329999999998 -136.3023 58.3406 20-JUN-15 170.1521
156581362 15 169.5694 -136.275 58.2994 -1 0.479199999999992 -136.4719 58.2193 20-JUN-15 170.0486
156581363 15 169.5694 -136.2761 58.3007 -1 1.416 -136.438 58.2556 20-JUN-15 170.9854
156581366 15 197.2389 -136.3423 58.1918 -1 9.8528 -136.4669 58.212 27-JUL-15 207.0917
1504107010 15 293.6118 -70.2118 41.8295 -1 7.16669999999999 -70.2909 41.7231 28-OCT-15 300.7785
1504107010 15 293.6118 -70.2118 41.8295 -1 71.3882    
1504107011 15 293.6097 -70.208 41.8122 -1 15.9577 -70.1289 42.0525 06-NOV-15 309.5674
1504107011 15 293.6097 -70.208 41.8122 -1 71.3903    
1504107014 15 293.609 -70.2005 41.806 -1 5.25 -70.2226 41.74 26-OCT-15 298.859
1504107014 15 293.609 -70.2005 41.806 -1 71.391    
1504107015 15 293.616 -70.2112 41.8215 -1 16.0444 -70.1024 42.039 06-NOV-15 309.6604
1504107015 15 293.616 -70.2112 41.8215 -1 71.384    
1504107020 15 325.634 -70.2079 41.8602 -1 11.0042 -70.3337 41.8864 03-DEC-15 336.6382
1504107021 15 303.7514 -70.2106 42.2898 -1 126.6639 -48.9469 39.9516 06-MAR-16 65.4153
1504107022 15 303.684 -70.4479 42.3329 -1 187.0882 -52.1394 33.2307 05-MAY-16 125.7722
165390091 16 123.7014 -9.6111 38.4849 -1 7.33329999999998 -9.3292 38.6245 11-MAY-16 131.0347
165400721 16 138.6042 -72.2647 41.2356 -1 13.3743 -71.9837 40.6704 31-MAY-16 151.9785
165400722 16 138.6139 -72.2654 41.2362 -11 0.66040000000001 -72.1487 41.2759 19-MAY-16 139.2743
164270831 16 98.7924 -85.3696 28.9473 -1 149.1409 -84.3015 25.7441 04-SEP-16 247.9333
165420702 16 127.4965 -70.8657 42.4086 -1 143.4841 -70.0606 40.2398 27-SEP-16 270.9806
161430701 16 24.7708 -70.373 42.7349 -1 33.5938 -68.4165 42.0111 28-FEB-16 58.3646
163230813 16 75.6604 -81.2848 30.4012 -1 31.0007 -81.2967 29.8123 16-APR-16 106.6611
163230814 16 75.6757 -81.286 30.4003 -1 35.0076 -80.6131 28.4092 20-APR-16 110.6833
166420703 17 152.6319 -70.2103 42.2102 -1 67.9771 -69.8853 40.2026 08-AUG-17 220.609
164390721 16 127.7715 -73.6621 39.0056 -1 51.5049 -61.4644 36.1161 28-JUN-16 179.2764
163230812 16 75.6674 -81.2857 30.4009 -1 30.0007 -80.9721 29.1672 15-APR-16 105.6681
166420701 16 152.8069 -70.3975 42.2901 -1 76.6341 -65.0361 41.7418 17-AUG-16 229.441
166420702 16 152.7146 -70.0926 42.1033 -1 57.0951 -66.1856 41.2667 28-JUL-16 209.8097
163230815 16 75.5889 -81.3352 30.3962 -1 28.9917 -81.1071 29.6006 14-APR-16 104.5806
166420704 16 152.6264 -70.295 42.1937 -1 146.5785 -60.2284 38.9331 26-OCT-16 299.2049
166420705 16 152.6264 -70.295 42.1938 -1 109.3312 -73.588 40.3578 18-SEP-16 261.9576
166420706 16 152.6306 -70.211 42.211 -1 190.9465 -45.5579 43.9918 09-DEC-16 343.5771
166420707 16 154.484 -70.4693 42.9845 -1 123.7438 -68.5032 40.909 05-OCT-16 278.2278
166240741 16 178.5243 -74.4947 24.236 -1 112 -80.3277 28.3925 17-OCT-16 290.5243
166270831 16 176.4222 -84.3176 28.3329 -1 33.4063 -83.013 27.5972 28-JUL-16 209.8285
166270832 16 172.6208 -84.3152 28.3326 -1 53.0903 -84.8033 26.6939 13-AUG-16 225.7111
